name,slug,url
Profession.hu,profession_hu,https://www.profession.hu
